[[ 0.07185715, -0.73403305, -0.9245401,   0.06831321, -0.99356369,  0.11385576, -0.1114636,   2.30909435,  0.36192622, -0.11967019],
 [-1.80755781,  1.22593348, -0.34773424,  0.10136277,  0.42606643, -2.25393093,  0.46025295,  0.8884822,   0.14625532, -0.66134376],
 [ 2.16318097,  1.3983086,  -0.07909026, -0.67269642, -0.23486576,  0.95595673, -0.42574108, -0.34537827,  0.43880636, -1.14955975],
 [ 0.98440539,  0.34491878,  0.12644592,  0.47882861, -0.02241699,  0.34776679, -0.16761465,  0.11098945, -1.26684221, -1.09423042],
 [ 1.4023592,   0.45170819, -0.33001326,  2.03898531, -1.33414878, -0.11295245,  1.84079633, -0.73009839, -1.72794381, -0.46256095],
 [ 0.23648501,  0.39544185,  1.45928869,  1.58997185, -0.91045684, -0.28347993,  0.38404817, -0.61477026, -2.31544097, -0.29597665],
 [-0.95585064, -1.1692586,  -0.67172517,  0.96661565, -1.13900088, -1.22329914, -0.29896442,  1.52736112,  1.35261852,  1.75121373],
 [-0.43806009,  1.45023148,  1.53054398, -1.53496971, -1.05904008,  0.15369355,  1.33089997,  1.94577314, -0.21495214,  0.23519052],
 [-1.57703259, -0.09548134,  0.3858272,   0.78679556, -0.16135646, -2.92701122, -1.79814888,  1.25264665, -0.94644234, -1.02401334],
 [-1.00176861,  0.35897352,  2.85150276,  0.58042022, -0.65014164,  0.33789131,  0.72398736,  1.36855573, -0.20449254,  1.39638702]]

[ 0.88504504,  0.56591143, -1.64601525, -0.48534754,  0.47722304,  1.51061828,  0.04226098, -1.49431818,  0.82530178, -1.01940259]